929098233674158080
940791133357199360
940792167425036293
940795222866489346
940796691640410112
943162867271974912
943162885160755200
943162930488627201
943164456196075522
943164811055194117
943167955545681920
943169549423337473
943169844693921792
943170203965382656
943180184898940930
943181874041638912
943182080091049989
943182310169554945
943182579573907456
943184277264531459
943188435078209536
944107145884299264
944570715969343489
944573679731728384
944575619194486787
945362282267205632
945577829340794880
945578061927534592
945591786604519425
945592117631619072
945593535927070720
945611482460446722
945612064285892608
945619626603376641
945691000168763392
945693913838510080
945694099440635904
945697556629196800
945715284018524161
945837041215946753
945837469735383040
945837944417402881
945839031874670592
945849675944304640
945927017920368640
945931726190125056
945932827664830464
945950536527998976
945997191973289985
946041423102537729
946093576483627009
946150181740855297
946152725624082433
946153308728602624
946188898295726081
946194261438894080
946209137800527872
946209687506006016
946233164539756544
946350957197062144
946361723849543680
946369913182068737
946372718022164480
946372940752240640
946373488591355904
946373998232793090
946406415278788609
946407986406346752
946439061111160832
946441522966274048
946442606828953600
946444407305224192
946444916707639297
946445654317965312
946446058166427648
946446801132912640
946447396694720512
946447748856811520
946448921227804673
946449737003048960
946450223064162304
946459878951931905
946464510738657280
946486444713021440
946503468155486208
946506948026941440
946602574479683584
946616474222911489
946966583368228866
946967761317695490
946971679246315520
946974731353411584
947043796579180544
947045867596460033
947048628522283008
947050413861363712
947063826175836160
947073184985214981
947075892093898753
947088997611966464
947101720429170688
947116087719747590
947116678411968512
947118341650550784
947128019486945282
947131180469669889
947136019320651777
947138741918978050
947174225365946368
947174463182848001
947175661092814848
947179784697712640
947183049090981889
947189679685820416
947191762413674496
947194455085510657
947196592813158400
947201103975759872
947201864784842758
947222371404058625
947225670769348611
947231530144948224
947243616128393216
947244592126218240
947266803947880453
947267925039304704
947273541933719552
947275540808966144
947290604400140288
947294252643553280
947295035652894720
947296095419244544
947300336573616128
947301907256827904
947317600362684416
947323759840526337
947353482339663872
947387890597687296
947452530899988480
947458422336819200
947470787153485825
947490289643487236
947492661950337024
947493724745093120
947493738607267841
947493754080030720
947493772564353024
947493788313964545
947493801626652672
947493819423035395
947494984873263104
947500152796909568
947508507615510528
947517600367562755
947530992696352768
947533771921854465
947541624208293889
947555236847140864
947561569021341696
947567685742850049
947572931948924929
947584293777190912
947588351615365122
947612679514083328
947632215067897857
947636159340933120
947639739926155264
947643673143054336
947653109324451840
947661948325388288
947662649986371584
947664400059527169
947669569002291200
947674275749777408
947674485200752640
947694170784673792
947694386321567746
947696968859619329
947710264635510784
947746666265710592
947793089170739200
947793987032834048
947794558200500225
947795352899420160
947795694349320192
947800536593641472
947803742958686208
947803997083176960
947804481382690816
947805607536594945
947806327111344128
947806554279079938
947806747187666946
947817845127344129
947834645978038272
947835322498473986
947836064869130240
947837514710167553
947838043276197890
947852175241342976
947852808824524800
947881307396300800
948044887378636800
948079043143917568
948079121678176256
948080355910680578
948084624105672704
948091319930490880
948091441493843969
948093439152873472
948101198682341378
948114718639747073
948118315993649152
948122574155931648
948122781123784704
948123179033202688
948123232502276096
948123671738093569
948124007102107648
948124201378074624
948124806267805696
948124816611139589
948125154525286401
948125744789569536
948126213347868672
948126677648932869
948127025704919040
948127356132114432
948127807732879360
948128057977479179
948128294481915904
948129936379871232
948130603383209984
948131095022850048
948131360081891329
948131574381506560
948131654278709249
948131843634794496
948132144702017536
948132445156794368
948132581740109825
948132676686548992
948133036171907072
948133134884892672
948133344071553025
948133504772124673
948133696237981696
948134043220168704
948134381310369792
948134547484499968
948134601985286144
948134950729023488
948135121491824640
948135651093991425
948135908703797248
948136161423306752
948136755386974208
948137030021730305
948137192315949057
948137301309243393
948137413519519744
948137458067300352
948138082716569600
948138088328519680
948138137448075264
948138430696849408
948138703645478912
948139316538200064
948140384521281536
948140438355095553
948141420061384704
948141721040408578
948142399209066496
948142674133086208
948143280960585728
948143316360749056
948144078532771840
948144246342766593
948144770743808002
948144802687799296
948145930389409792
948146292861161472
948146333969510400
948146486130421760
948146507894554624
948146566660886528
948147050515853316
948147055746265089
948147149166006272
948147363486449664
948147463348776960
948147475491315712
948147493593927681
948147765347004416
948147793004285952
948147963146178561
948147970649845760
948148152296726528
948148209628487680
948148422707519489
948148448603369472
948148663263682560
948148722961141761
948148944776912896
948148965077389313
948149166261366785
948149393261256705
948149407995883525
948149434713559040
948149519690096640
948149707037204486
948149986512068609
948150200027115522
948150392885563392
948150484531105793
948150678559559680
948151360414941184
948152217684586496
948152692093935622
948152748339589120
948152996420112384
948153104461156352
948153355507044352
948153933649891328
948153954910851073
948154427457921025
948154697453654017
948154782736199680
948155219891900416
948155538763792384
948155692984225792
948155693760176129
948155733866139648
948155877068038145
948156362650980352
948156703324983297
948157072616472576
948157132905558018
948157368067612675
948157840795070465
948158688824578048
948158707883487232
948158977027788801
948159560858120194
948159640101011456
948159891985838080
948160516010139648
948161140412043264
948161333022937088
948163108924805124
948163567328436225
948164153604161537
948164559600259074
948164990837473281
948165281872076801
948165407172685824
948166450765852672
948167347533221888
948168627001446400
948168717485174784
948168738783756288
948168954756857856
948169191483461637
948170012858122241
948170040121200640
948170173009285120
948170474030280704
948170964084383744
948171188303515648
948171628990615554
948171871727640577
948171894905126912
948172017169297408
948172205019471873
948172438218698752
948172740007223296
948173148935073792
948173200659230721
948173207605039105
948173296469757952
948173423401979905
948174031970340864
948174122751799296
948174603737817088
948174776576684032
948174812341452801
948175547225591808
948175689735393280
948176273687416833
948176366339371008
948176926270787585
948177145288953857
948177994107023360
948178076885831680
948178633415413761
948178743058714625
948178840983035905
948180742441394176
948180940290969603
948180994540138496
948182656512086017
948184066875994113
948184332660887553
948185759793668096
948185863791501312
948187637520654336
948191349232115712
948192119427960832
948193771887325185
948194309009850371
948200683278397441
948201285181984768
948201357911183360
948201407991001088
948202261099843584
948202415660072960
948202589975220224
948202654148251649
948202661123276800
948203595983347712
948204028328009734
948204266916691969
948204300773322752
948204486173978624
948204773760581632
948205344307560454
948205519520411648
948206011566845953
948206201812201472
948206773189484544
948207525853323270
948208557064949760
948209704530075649
948210492467707905
948212678593478662
948213639017844742
948213889149349888
948214388376424449
948214709722939397
948215597422317568
948217254847614979
948218456226324480
948219029872873473
948219099234099201
948219397105160192
948219563279290369
948219785116078080
948220060547547137
948220564824625152
948221513936920576
948222533018451968
948224446996783104
948224688819380225
948225724288307200
948267415623704576
948270187110735872
948276947791986688
948282268614909952
948284908602093570
948285426808360961
948296499137531904
948298350545158144
948299048796196864
948301262335987717
948303622596575232
948307024453910528
948319024563208192
948319349399470080
948320621473116160
948328177658560512
948348290201866240
948352639691055104
948353759922462720
948355001801494528
948356527794147328
948371376766889984
948377444628615169
948377512014327808
948377583002951682
948377700778962945
948377772258295808
948377895314993152
948377967754817536
948378049568899072
948378110059102208
948378173196021761
948378241567416321
948378373931245568
948378454239559680
948378547017605120
948378619453128704
948378691981131776
948378768397123584
948378856901115905
948378952388640768
948379126167085056
948379200079126530
948379332992425984
948384017530925057
948417608365330432
948418979768471552
948420566998011905
948423623412539392
948436426202349568
948437233345839104
948453443617808384
948459163180457984
948468835438522369
948469803785883648
948472006919577602
948474145251250176
948474962125426690
948476368051953664
948478171359465472
948482184133750789
948483915001446401
948484593023242241
948499075690893313
948499884679692288
948500504614617088
948522365205532672
948523253886214144
948524641122791425
948530918817333249
948531433076740096
948532781759414272
948538327468146689
948551715896246273
948551919244464128
948557007929290752
948570921807179776
948582671847907328
948582933421420544
948601393669197825
948645035817537536
948646075992297473
948646668282540033
948698550040432640
948699837284859904
948700149219405824
948700443038724097
948700721641177089
948700786099236864
948733273697431553
948758900777435136
948764298850873344
948771833859354627
948772314891436032
948774695268003841
948801621349117952
948802675109388288
948803321262850048
948804583010127875
948806419528036352
948809456078352384
948812550925266944
948814533786664960
948814699046555649
948814704817958912
948826018726342657
948826452069249024
948832522263257089
948834174701527040
948837212069777408
948837303920848896
948840011150934018
948840420360024065
948842313580797952
948843226986893312
948843821193773056
948844313374490624
948845235290955777
948845520222437376
948845832555630593
948847019229138945
948849346488950784
948849959331393536
948852067728175104
948856561723568130
948857495983874048
948859132987101185
948860256079286273
948860909379764225
948861436817821696
948862009931579392
948863165273538561
948868298170658816
948869885911818241
948882823007670272
948883501566349314
948883817435033600
948884264229199873
948885681853657094
948886852668411904
948891948911341568
948892896387846145
948893737463222272
948935412462116865
949159867557715969
949237160422596609
949237412454023168
949237536253206528
949237688963514368
949239042478170112
949240524711456768
949307225981497344
949428154334097413
949442242812547072
949553013709930498
949636905532100608
949659905765662721
949666552521089025
949757577231036416
949797043312107520
949799538381930496
949799823338647552
949801777804673024
949809867664982016
949811090535284736
949835410691129344
949966884820090880
949977987352539136
949997069183471616
950019928224133120
950036263557652480
950039911851266048
950041412715753473
950041859484737539
950045570521092096
950047454422069248
950048610305093632
950048740915712000
950051134126874627
950062815561355265
950062966036226048
950068611166728194
950069717364027392
950073066180300800
950073450990891008
950077959972577281
950078954098122752
950079679213563905
950081080119496705
950081401386422272
950082258265878528
950083077790949376
950083251716190210
950084308924026881
950084870205792257
950085053727551488
950085163232432129
950085314151895040
950086098931388417
950086440813199360
950087411224236032
950087465641136135
950088739577049090
950090074091376646
950090717115965440
950092706038079488
950094352763772928
950095729724452867
950096607885873152
950097506112888834
950098480390918145
950099171155070976
950104132802744320
950110898043043841
950114726117244928
950114862952304641
950115221263265792
950115358467416065
950115839092711424
950115980654628864
950115990465077249
950116067648696320
950116282984255488
950116332925792256
950116465633619969
950118545148571648
950122281623269376
950123727349583876
950130705765367809
950134245065920512
950134902921596928
950136240048951298
950144163479281664
950148395036848128
950148665406050304
950149540321034245
950150029842571265
950150506382548994
950151705873797121
950155108834308097
950155926207680513
950157603346108416
950159616612163585
950161292689657856
950162303026163712
950162694274994176
950163438935990272
950164433602596865
950164550262972416
950164926773059585
950165981799821312
950166412424896515
950166677290811392
950166867653558272
950169383669829632
950170044578844672
950170242721792001
950174861380521985
950175852775596033
950176750134276098
950177984446595072
950178423250522112
950178951766396928
950180308330020867
950182457906749442
950183382499160064
950184743026425858
950185074087157760
950189615595638784
950197238717960192
950197375963926529
950197733855514626
950197842836119552
950198156964368384
950198758947639296
950199960909201409
950200911355371520
950201021111898113
950201319964446720
950201809011814400
950203291404664833
950203611350528001
950204302999670784
950204440388120576
950204618621022209
950205480072368128
950205498153996288
950205968050262017
950206178973376512
950206483710595073
950207251406405633
950207655167000576
950208725368954881
950209478510764032
950209698808164354
950209806182375424
950210402410999808
950210851755167744
950211353058430977
950213576840527872
950213637809082369
950213831296503808
950214369656238080
950214439189532672
950215101788901376
950215200266895360
950215551380545536
950215785141555200
950216186871992322
950216372520476672
950216535125082112
950216864080199681
950217078664986625
950217112374530049
950217356390871041
950218539352207361
950219506370142209
950220945557475328
950221509708206082
950226350786433024
950227796575465472
950229072013135872
950231350824570882
950234304222670848
950235467072589826
950235856505155585
950236572871462912
950236913004261377
950237162456236032
950237913593335808
950237991921967104
950238669863976960
950239091672649734
950240585360773122
950241482945978368
950242858304499717
950243405673779200
950243788710203392
950243991580233729
950245027258753024
950245304430809088
950245865138085888
950247467630583808
950248775250948096
950249353037393920
950249382309498880
950252269517377536
950252512493359104
950253015604367360
950253126489124865
950253895158255617
950262050617348101
950263590501732352
950263749964910592
950264951641276416
950265218759667713
950265738639659008
950266311610810368
950266453223190528
950266882141118464
950268941548466176
950269026436960258
950269251515908096
950269347007627264
950269397930622977
950269747072921600
950269911414296576
950270692662104068
950272319666180098
950275602455687168
950275823075917824
950276221232967680
950276451424546816
950276678495825920
950277327178539008
950277822764888065
950278396688388097
950278930220699648
950279320135639040
950279413739999232
950279658192347136
950279784486940674
950279813935325185
950280211177893888
950280302047342592
950280476878688258
950281254955638784
950281383477260289
950284916293595136
950287039500562433
950287314835705862
950288057831276544
950289992697315328
950290656265687040
950291119241179136
950296746743169024
950301036245381120
950301050489090048
950301953090772992
950302431417597952
950302996428214272
950303353459834880
950303450109276161
950305065323163648
950305622213496832
950307496400474112
950307666428968960
950308829886951424
950311388026720256
950314491362906112
950316554691973120
950316809550483458
950319065507160064
950319786814332929
950321384684703745
950322075461337088
950322413673304064
950324397226774528
950324600419880960
950324741822296064
950324989756104704
950326604919705601
950327246660751360
950328060368351232
950328712817467392
950328840349470721
950330563029848064
950331144922451970
950331314607046656
950331477648072706
950332286771351552
950333516415406080
950333765775187968
950336523261620224
950336700022128642
950337043988602880
950338021223694339
950338967349624832
950339284019634176
950339471731458048
950340381874540545
950340566277083136
950340905805975552
950341147590881280
950341307343388672
950341772558946305
950341787364876289
950341876963528705
950342239527624705
950342702280953857
950343722432069633
950344173378564097
950344330086178817
950344586215370752
950344796194959362
950345786138808326
950345807093526528
950346175105912832
950346561258688512
950346822274469888
950347189154394113
950347235992227841
950347617875189760
950347793100656640
950348250397241345
950348450171969537
950348970517245952
950349162054340608
950350137016180736
950350613539377153
950351191753584640
950351859268583424
950352285716176898
950352604512575490
950352745789353989
950352820053692416
950354470487166977
950354945768861697
950355499047890944
950355508925407232
950355643004870657
950356182908141568
950356330128314368
950356420796518401
950356441671589889
950356456053886976
950356645267288064
950357061371613184
950357316418850817
950357333833666562
950357346483687427
950357359829843968
950358179350745088
950358476496220161
950358717488336896
950358717781958656
950358945687891973
950359319517782016
950359359929896960
950359431803473921
950359997854208000
950360061964152834
950360143694385153
950360226905063424
950360228519923712
950360266939641856
950360302398394369
950360315274948608
950360355217313792
950360457805668353
950360685313187840
950360704233738240
950360779596926976
950360824333373441
950360848509399040
950360919237947393
950360922941476865
950360958748282882
950361044899287040
950361102742949888
950361171453972481
950361265393856512
950361325615579137
950361392695083009
950361506700562432
950361555664887808
950361709050564608
950361740549771264
950361856841015296
950361875279220737
950362044536061952
950362082985127937
950362114228740097
950362139662970886
950362165499826176
950362184575406082
950362278146314240
950362319451774978
950362324119912449
950362375714230272
950362391883276288
950362466617384960
950362481100238849
950362613371858944
950362622062346240
950362638747357185
950362660184510466
950362757555204096
950362797233397760
950362848978337793
950362856322715649
950362938031910912
950362957040537600
950362978200768513
950362998660653056
950363026665873414
950363172728393729
950363188255653889
950363217582329863
950363275648102400
950363325929488384
950363457722859525
950363484629422081
950363671976402944
950363681195483136
950363722761101312
950363746354057216
950363768739024896
950363797822296066
950363881448378368
950363886938656769
950363935080960000
950364288245526529
950364331731857408
950364364112060417
950364399893647361
950364556009844736
950364654236299266
950364767843225601
950364818904633344
950364870196826115
950364894695755777
950365097226067968
950365100896079872
950365222086332416
950365550458191872
950365562189869057
950365781568696321
950365907603345408
950365930630078464
950366010829393920
950366029439520768
950366065468608512
950366221265903616
950366222784303104
950366265880834049
950366284151164930
950366562791325696
950366789309026306
950366855889334275
950366977905823745
950367217266421761
950367289400025090
950367373705531392
950368101798989824
950368129347149824
950368644441300994
950368751978975239
950368800305831936
950369111611240448
950369365223976960
950369526390116357
950369920000274432
950370176293376001
950370320938098688
950370322821165056
950370379897491456
950370512429035521
950370748761337857
950370903107538950
950370970652430337
950370994329354241
950371096737566720
950371174449664000
950371204224831489
950371681666846720
950371951742279682
950371976438218752
950372048571944960
950372077294428160
950372450323361796
950372645572435968
950372646088212480
950372683212115969
950372758965440513
950372762480271360
950372822668296194
950372893841641475
950373018844442624
950373061697638400
950373093247037440
950373491454300160
950373672916791296
950373803259060230
950373880056696832
950373928010244096
950373952941150209
950374074756354049
950374095710978049
950374172773019649
950374285192941568
950374297381548032
950374352331198464
950374359545327616
950374570166554624
950374723795513345
950374834311229440
950374866812731393
950374894423953408
950374982512717824
950375038208958465
950375084274929665
950375254622384128
950375354639749121
950375582394544130
950375607443042304
950375632403419136
950375750594629632
950375888704737286
950375893570121728
950375986469711872
950376182335332352
950376217106157570
950376266632396800
950376523567124480
950376524485677058
950376673962315777
950376684255002625
950376717314613254
950376742828388357
950376758183940101
950376798826782720
950376986836459521
950377005404520448
950377035616075776
950377103991758854
950377126456328192
950377198669717504
950377460784353281
950377488647118848
950377620952223744
950377624173412353
950377745124659200
950377824241799169
950377910325608449
950377959273172992
950378106036072448
950378175053250560
950378286395338754
950378444247924736
950378501487685633
950378524317188096
950378529035882502
950378673319923713
950378674372694018
950378704076754944
950378794388467712
950378892841365504
950378983815892992
950378998177157120
950379016606965760
950379034214617088
950379103693234177
950379133409906689
950379196018188289
950379214892658688
950379233402122240
950379263877726208
950379265048154113
950379306613551104
950379317061672962
950379328344387584
950379356404133888
950379361265270786
950379412435828736
950379418442231808
950379506979700739
950379617235492864
950379626332815362
950379654636023809
950379686558818304
950379759044874240
950379817593196544
950379923562225665
950379934253572096
950379977664532482
950380031011950594
950380070400602114
950380084417966081
950380095008460810
950380117926199296
950380141200465920
950380187740528640
950380203582328832
950380217280946176
950380331902820352
950380395836649473
950380431953842176
950380479529799680
950380522152316928
950380527277805569
950380637554466816
950380684396376064
950380752788738048
950380795843104768
950380800381538304
950380862054588416
950380880031375360
950380982103928832
950381021589065728
950381033312215040
950381226673823744
950381259993235456
950381278586654720
950381281623322625
950381412544368641
950381443947130880
950381597051809794
950381609143894018
950381703662628866
950381711933747200
950381795731804162
950381875624796161
950381940665929728
950381999772094464
950382016146694144
950382176801099781
950382188356255744
950382238675320833
950382381374099456
950382404790816768
950382413439471616
950382454304632834
950382495698243584
950382545035759616
950382545128116224
950382557346041858
950382717614673920
950382735389900801
950382817535496192
950382863740014592
950383199674359809
950383315038720000
950383319291633664
950383328796004353
950383379731681281
950383773689856000
950383791520051200
950383892363665408
950383900416729089
950383970033848321
950383994285318144
950384245771468800
950384296300249088
950384313362669568
950384349114925056
950384448775733249
950384545647419393
950384675880652801
950384806679994368
950384878754914310
950384927157125121
950384932618231808
950385068199104513
950385117595389952
950385195781324800
950385204748840962
950385317214871553
950385361917759495
950385365466144768
950385417802498048
950385435229868035
950385468830466049
950385517991903233
950385533548720129
950385673734778880
950385674955444224
950385940475736065
950386483776679936
950387159546105856
950387230857662465
950387410847911937
950387533619384320
950387668281524224
950388410228838403
950388455552573441
950388516457996290
950388822965092352
950388895002300416
950388992922607616
950389180307255296
950389241699282944
950389408162820098
950389771704168449
950389798082027520
950389819909267456
950390115628560384
950390263398240256
950390704412479488
950390717779730432
950390820250595329
950390860537004033
950390908511539202
950390917365604352
950390927591428097
950391776971337728
950392644802314241
950392923673235456
950393019492192256
950393192876298245
950393643193569280
950393752820047873
950393760369856513
950393763054211072
950394491256569858
950394710425612288
950394836460457985
950394847600566272
950394974172012544
950395583134601216
950396297743183872
950396326608596993
950396962150469632
950397094715588608
950397585067593728
950397828169334785
950397891318833152
950397967516819458
950397978220654592
950398161717252096
950398178897072133
950398185498927104
950398211205816320
950398277987569666
950398407088201728
950399007209197568
950399042198163456
950399099420856320
950399267251748864
950399856996225024
950400100416843782
950401167774961664
950401592041369600
950402036172025856
950402241084690435
950402665883807745
950403051151659008
950403671380066304
950404236189220864
950404262651101184
950404809668087809
950404936650645504
950404994733428736
950405326909640704
950405447164612608
950405716841549826
950406371249459202
950406586291408896
950406888746835968
950407176056586240
950407288292077569
950407540583657479
950407554500300802
950407707512721408
950407775443701760
950407843257167872
950408678724816896
950408900200759296
950409076634202113
950409355240902657
950409601429704704
950409845777235969
950409928560316416
950410081639849985
950410158127099910
950410583303643136
950411116043120640
950411808333905920
950412151763718147
950412314049642497
950412479368228864
950412642220359685
950412656665645056
950412733371047942
950412947758530565
950412950757617664
950413004067299329
950413138167386112
950413323979419649
950413502010847233
950413666540818434
950413814402506752
950413972544647168
950414081491693569
950414085077786625
950414380990173184
950414654559457283
950414845492547584
950415081183039488
950415306429779969
950415464718655488
950415857603239944
950415910648590338
950415932916228097
950416287628324864
950416307115130880
950416318641164290
950416332415225856
950416478330933249
950416546869936128
950416887082635264
950417037234524162
950417251152384000
950417277618458625
950417387203055616
950417491980898304
950417719207321600
950418096724070400
950418243445018625
950418732807081985
950419219883134977
950419516479205376
950420033758474241
950420366907846656
950420469114654720
950420613558095875
950420617546944513
950420664812523520
950420925769506821
950420926876790785
950421119152152576
950421226241101828
950421419283886082
950421495272165376
950421858544910339
950422151051595777
950422805476098048
950423402833235968
950423539437457408
950423821961650177
950424088748740609
950424092028567552
950425597452439553
950425862960304131
950426443401650178
950426597684805638
950426658380701696
950427013499772928
950427277577408512
950427490199142400
950428006555713536
950428081348599809
950428432965529601
950428458605252614
950428757357101064
950428865188347904
950428884494843910
950429204449038337
950429579386245122
950429774253617156
950430215989354496
950430483829096448
950430778411937793
950430825492881408
950430842983272450
950430965238845441
950431061518974977
950431146227191809
950431178368135168
950431369766887424
950431378390306816
950431646142160896
950431968038092805
950432462982844417
950432631946207232
950432889187037184
950433157333045248
950433861422534656
950434329590628352
950434762363195393
950435740550422529
950436363828113409
950436710999101441
950436873717059585
950437173840568320
950437264504565760
950437378350608384
950439428807413761
950440102655922177
950440436052709376
950440851230085120
950441103924264960
950442200105615361
950442295609868288
950442766273826816
950443771757547520
950445090870386689
950445245916950528
950445618035601408
950446549653483520
950448063071621121
950448460989378560
950448856927531008
950448902817267712
950451444137779200
950451879103860737
950452087757864961
950452528650452992
950454675731464192
950456295257145345
950458229456187392
950458597682663424
950461807566704645
950462139604525056
950462916813258753
950463529919934464
950464726638776320
950466237057945600
950466945094242304
950467315656687617
950467476600606721
950468273619066880
950468306816860167
950469513228836865
950470963358990337
950471554177040384
950471727196274691
950473765472952321
950474199415644171
950477827081678854
950480164843958273
950482540237737984
950482651286245377
950483266070503424
950484325543407616
950485055217983488
950485785886765056
950486180797255685
950486196110557184
950486278516207616
950486408698851328
950486425753055233
950487578133725184
950487650883993600
950487935547334656
950488076517806082
950488334949896192
950488598427574272
950489715672862721
950490088688967680
950492852710137856
950492936285966338
950493258500722688
950494606986227712
950494758203547648
950495122667446272
950495854510727169
950496489981308928
950496769477001216
950496835491135488
950497641388896256
950497712255979520
950498117815816192
950499618948861955
950501924809428992
950502823829131277
950503874045018116
950504090148143105
950504434542563328
950505375312248834
950506023781101572
950507053012996097
950510673112588290
950511008656842752
950511557645144064
950511652415397888
950513842332798977
950514679343931392
950515816574963713
950516406172487682
950516877377359874
950518435267665920
950520384243331072
950527836640677888
950533494853324807
950537089136889856
950550570913423361
950559531993587712
950567874816438272
950569654073872384
950574204612743168
950580957291143169
950584221302755328
950586980026298368
950589630998597632
950599885450919937
950600755903283200
950603541290409985
950606471946891264
950634654377369600
950647528961298432
950648202109349888
950648890352656385
950663907747676160
950664527061897216
950665273434103808
950670738402566144
950678338179358720
950680801125027840
950694202324803585
950697338129059840
950702603108831234
950703664867479557
950704569042067457
950707425165873152
950708154706382848
950709244088782848
950713413390528512
950715384591798272
950715936692232202
950717313279578112
950719576135864320
950720775631396865
950740282861064194
950740688102150145
950742027985145858
950742930012229633
950744907903328257
950746385485320192
950746854467231744
950749996575543296
950755397790523392
950756190149140481
950757357654544384
950757415070334976
950757586504241153
950766195875155968
950770448169512961
950771252549079043
950772182334038016
950772249836978176
950772436282339328
950772632957472769
950772834820816897
950773204800458752
950773662478684160
950774221931732997
950776179002368000
950776248690708480
950785993849884672
950787577782644736
950788885411454976
950789969869770753
950796302656434177
950796689161510919
950797246274129920
950798735952547840
950799395666186240
950799648784027648
950799894289223680
950800079849435138
950800828260061185
950801205097304071
950801654135259136
950802803747893248
950804028497199106
950804817789759489
950805202860429312
950805405688623104
950805833625022464
950806149162520576
950806533394362369
950807171763236867
950807731610497025
950808994582417408
950814947008827392
950815162038026240
950815633440157697
950833482695135239
950843478887620610
950869641299218432
950871245582630912
950875818351300608
950876241384615936
950883396154097664
950904033342099457
950904667067813888
950907254433370112
950917546588323840
950946525898788864
951002788242259968
951030418236690434
951081186268471296
951096821283246081
951099493461741568
951101557742997504
951114350034644992
951135548965470208
951136272206172160
951136331480039424
951141849216856064
951142146970652672
951143097097797632
951145213745074176
951145779564920832
951146415128014848
951149966411444224
951154154088599553
951154627239493632
951155042240757761
951156045669380096
951156807258419200
951175751432368129
951189723841675264
951190147034382336
951190555484078081
951190855225921536
951191854007103489
951192287740092416
951193580441239552
951194311353356290
951195045125808129
951195385174921217
951195723558768641
951196553598746624
951196875549528064
951197114117144576
951197299857854464
951233735948718080
951235030164131840
951236383120609280
951243800428630016
951403373969989632
951490602679627776
951491408661307392
951729166549860352
951729789412364288
951730407690584064
951731126501961728
951731316445233153
951946632144347137
952230035859132416
952236646312873985
952237706377035776
952255586208571393
952263546183745537
952263687175376896
952264502829035520
952264624929431552
952265329077637121
952267042178166784
952267420718239745
